   1   1  9.2349E+02  2.3457E+02  4.9000E+03   3.0000E+00  3.0000E+00  3.0000E+00  1.0000E+00 -5.7175E-01 -5.8516E-01   3.0000E+00  5.2668E-01  7.8095E+00  1.0000E+00  0.0000E+00  0.0000E+00  0.0000E+00   0.0000E+00  1.0000E+00  0.0000E+00  0.0000E+00  0.0000E+00  0.0000E+00  1.0000E+00  0.0000E+00  0.0000E+00  0.0000E+00  0.0000E+00  1.0000E+00  5.0000E-02
   1   2  3.7003E+02  3.5655E+02  4.9000E+03   5.5258E-01 -2.3416E-01  3.0000E+00  7.1600E-01 -3.2362E-01 -1.5039E+00   3.0000E+00  8.3916E-01  6.2476E+00  1.5446E+00 -1.0462E-01 -1.5787E-01 -0.1046E+00  -1.0462E-01  9.2181E-01 -1.5701E-01 -1.2705E-01 -1.5787E-01 -1.5701E-01  7.4462E-01 -5.1183E-01 -1.0462E-01 -1.2705E-01 -5.1183E-01  1.4701E+00  1.0000E-01
   1   3  2.4738E+03  1.6073E+02  4.8053E+03  -2.8612E+00 -3.0000E+00  2.5563E+00  4.6226E-01 -1.0075E-02 -2.9620E-01   3.0000E+00 -3.1149E-01  5.2063E+00  1.9914E+00 -9.7381E-01  1.5731E+00  0.1199E+01  -9.7381E-01  9.2105E-01 -1.1801E+00 -8.1268E-01  1.5731E+00 -1.1801E+00  2.8880E+00  1.2327E+00  1.1990E+00 -8.1268E-01  1.2327E+00  1.7334E+00  5.0000E-02
   1   4  1.0297E+03  1.8245E+02  4.9000E+03  -6.8866E-01 -3.0000E+00  1.5164E+00 -1.1598E-01 -2.7834E-01 -7.0447E-01   2.4288E+00 -1.0000E+00  4.4626E+00  5.9937E+00 -1.7598E+00  2.5171E+00  0.1244E+01  -1.7598E+00  9.6264E-01 -8.4135E-01 -4.0163E-01  2.5171E+00 -8.4135E-01  1.8955E+00  6.0601E-01  1.2436E+00 -4.0163E-01  6.0601E-01  7.2711E-01  5.0000E-02
   1   5  1.1020E+03  2.1843E+02  4.9000E+03  -2.6880E-01 -3.0000E+00  1.3697E+00 -3.8147E-01 -5.1709E-01 -7.7445E-01   2.8794E+00 -3.2105E-01  3.9047E+00  8.5572E+00 -1.0330E+00  1.7483E+00  0.1776E+01  -1.0330E+00  6.0488E-01 -2.2340E-01 -2.2694E-01  1.7483E+00 -2.2340E-01  8.5095E-01  3.8407E-01  1.7760E+00 -2.2694E-01  3.8407E-01  8.6303E-01  5.0000E-02
   1   6  1.3517E+03  1.7530E+02  4.4375E+03  -1.3825E+00 -3.0000E+00  2.6045E+00 -3.3157E-01  1.8984E-01 -4.3573E-01   2.9809E+00 -1.0000E+00  3.4709E+00  6.5690E+00 -1.1080E+00  7.5019E-01  0.9331E+00  -1.1080E+00  8.2723E-01  1.7884E-01  6.4341E-02  7.5019E-01  1.7884E-01  7.8931E-01  3.7000E-01  9.3314E-01  6.4341E-02  3.7000E-01  6.7992E-01  1.0000E-01
   1   7  1.2769E+03  1.6610E+02  1.4832E+03  -9.9932E-01 -3.0000E+00  2.6634E+00 -3.6835E-01 -1.1969E-01 -5.5985E-01   3.0000E+00  6.6670E-02  3.1238E+00  8.5458E+00 -2.4750E+00  3.5055E-01  0.4803E+00  -2.4750E+00  1.2331E+00 -9.8397E-02 -1.4160E-01  3.5055E-01 -9.8397E-02  4.9361E-01  2.7617E-02  4.8027E-01 -1.4160E-01  2.7617E-02  5.0013E-01  1.0000E-01
   1   8  1.6800E+02  1.6785E+02  1.1659E+03   8.4697E-02 -5.0952E-01  2.8673E+00 -1.0000E+00  2.0096E-01 -6.9545E-02   3.0000E+00 -2.0033E-01  2.8398E+00  5.2347E+00 -7.1325E-01  3.5132E-01  0.4639E+00  -7.1325E-01  2.4963E+00 -3.5419E-02  4.3535E-01  3.5132E-01 -3.5419E-02  2.9788E-01  3.6417E-02  4.6390E-01  4.3535E-01  3.6417E-02  4.3510E-01  2.5000E-01
   1   9  2.2618E+02  1.5817E+02  4.5401E+03   7.3407E-02  8.7550E-02  1.8615E+00 -1.0000E+00 -3.3415E-02 -3.3511E-01   2.2838E+00 -1.0000E+00  2.6032E+00  6.8946E+00  5.1885E-01  7.2390E-01  0.4461E+00   5.1885E-01  1.1793E+00  7.9085E-02  1.1533E-01  7.2390E-01  7.9085E-02  4.3336E-01  5.1567E-02  4.4608E-01  1.1533E-01  5.1567E-02  3.9122E-01  2.0000E-01
   1  10  2.9473E+03  1.5906E+02  4.9000E+03  -3.1787E-01  5.4251E-01  1.7638E+00 -1.0000E+00 -6.0179E-02 -3.8420E-01   2.3482E+00 -1.8139E-01  2.4029E+00  5.9708E+00  4.3029E+00 -5.4922E-01  0.5939E+00   4.3029E+00  3.8405E+00 -4.2984E-01  4.6483E-01 -5.4922E-01 -4.2984E-01  5.2774E-01 -5.9331E-02  5.9393E-01  4.6483E-01 -5.9331E-02  5.3703E-01  5.0000E-02
   1  11  3.8518E+03  1.7429E+02  4.9000E+03   9.3446E-01 -7.6279E-01  2.0032E+00 -1.0000E+00  2.8239E-01 -1.1453E-01   1.5931E+00 -1.0000E+00  2.2313E+00  5.4874E+00  4.3631E+00 -5.0134E-01  0.5629E+00   4.3631E+00  4.2648E+00 -4.3225E-01  4.9045E-01 -5.0134E-01 -4.3225E-01  5.3075E-01 -5.3294E-02  5.6289E-01  4.9045E-01 -5.3294E-02  5.3368E-01  2.0000E-01
   1  12  1.6547E+03  1.6369E+02  4.6234E+03  -3.9601E-01  4.1148E-01  1.8116E+00 -1.0000E+00 -1.5347E-01 -5.3463E-01   1.6047E+00 -9.8730E-01  2.0825E+00  4.4573E+00  6.9877E-01  6.1884E-01 -0.1655E+00   6.9877E-01  3.4342E+00 -7.1992E-01  6.9922E-01  6.1884E-01 -7.1992E-01  5.5218E-01 -2.1854E-01 -1.6554E-01  6.9922E-01 -2.1854E-01  4.1960E-01  1.5000E-01
   1  13  2.0555E+02  1.5966E+02  9.8688E+02  -2.9917E-01 -9.7549E-01  5.9099E-01 -9.0996E-01 -3.0935E-01 -4.3380E-01   0.0000E+00 -4.7524E-01  1.9524E+00  4.9778E+00 -1.7022E+00  4.6218E-01 -0.1295E+00  -1.7022E+00  2.8105E+00 -2.4891E-01  1.7642E-01  4.6218E-01 -2.4891E-01  3.4750E-01 -1.8306E-02 -1.2946E-01  1.7642E-01 -1.8306E-02  3.1083E-01  3.0000E-01
   1  14  1.8054E+02  1.7210E+02  4.9000E+03  -3.1852E-01 -4.0280E-01  1.0139E+00 -1.0000E+00  1.4175E-01 -3.7768E-02   1.5401E+00 -1.0000E+00  1.8375E+00  5.1276E-01 -5.9646E-01 -3.0077E-02 -0.1136E-01  -5.9646E-01  9.3916E+00  4.4974E-01  1.6991E-01 -3.0077E-02  4.4974E-01  4.9555E-01  8.5679E-03 -1.1363E-02  1.6991E-01  8.5679E-03  4.7611E-01  2.0000E-01
   1  15  1.5626E+03  1.9880E+02  2.0270E+03  -2.4217E+00 -4.7125E-01  8.7036E-01 -1.0000E+00 -1.9616E-01 -1.4561E-01   9.0543E-01 -9.8879E-01  1.7354E+00  5.1445E-01 -6.0835E-01 -4.1348E-02  0.3499E-02  -6.0835E-01  9.3744E+00  6.0501E-01 -5.1199E-02 -4.1348E-02  6.0501E-01  5.1399E-01 -3.4798E-03  3.4990E-03 -5.1199E-02 -3.4798E-03  4.7317E-01  1.0000E-01
   1  16  2.8892E+02  1.8975E+02  2.9449E+03  -8.2534E-01 -4.2163E-01  5.7441E-01 -1.0000E+00 -3.2636E-01 -8.2548E-01   5.5267E-01 -1.0000E+00  1.6441E+00  5.1575E+00 -1.9592E+00  4.1065E-01  0.7393E+00  -1.9592E+00  2.6032E+00 -9.1097E-02 -2.7916E-01  4.1065E-01 -9.1097E-02  3.5618E-01  6.3736E-02  7.3928E-01 -2.7916E-01  6.3736E-02  4.3075E-01  1.0000E-01
   1  17  2.0955E+02  1.8196E+02  1.4771E+03  -6.5733E-01 -7.7188E-01  8.6712E-01 -4.8914E-01 -4.6242E-01 -3.8053E-01   0.0000E+00 -5.8179E-01  1.5619E+00  1.4744E+00  8.7632E-01  2.1537E-02  0.6100E-01   8.7632E-01  6.5462E+00  1.7427E-01  1.5786E-01  2.1537E-02  1.7427E-01  3.4002E-01  4.3131E-03  6.1003E-02  1.5786E-01  4.3131E-03  3.4061E-01  1.0000E-01
   1  18  1.6369E+02  1.6956E+02  4.9000E+03  -1.3487E-01 -3.8357E-01  1.7890E-01 -2.6678E-01 -3.3879E-01 -6.2584E-01   0.0000E+00 -8.2067E-02  1.4875E+00  2.3863E+00 -3.6161E+00  2.9235E-01  0.6066E+00  -3.6161E+00  7.3070E+00 -5.5252E-01 -1.1464E+00  2.9235E-01 -5.5252E-01  5.1754E-01  9.2683E-02  6.0660E-01 -1.1464E+00  9.2683E-02  6.6518E-01  1.5000E-01
   1  19  2.6222E+02  1.6094E+02  4.6348E+03  -4.6338E-01 -2.7561E-02  1.0165E+00 -9.9108E-02 -3.4634E-01 -4.9458E-01   6.9012E-01  2.2358E-01  1.4199E+00  5.1421E+00  3.7401E+00 -1.3130E+00 -0.2106E+01   3.7401E+00  3.4688E+00 -1.0517E+00 -1.6872E+00 -1.3130E+00 -1.0517E+00  8.4208E-01  5.9230E-01 -2.1064E+00 -1.6872E+00  5.9230E-01  1.4231E+00  5.0000E-02
   1  20  2.7880E+02  1.5848E+02  4.9000E+03  -8.2506E-01 -2.6338E-01  1.2313E+00 -1.3179E-01 -2.5273E-01 -4.3878E-01   1.9244E+00 -8.9273E-02  1.3582E+00  5.7118E-01  9.3423E-01 -1.1683E-02  0.2532E-01   9.3423E-01  9.3512E+00 -1.1103E-01  2.4063E-01 -1.1683E-02 -1.1103E-01  4.7426E-01 -3.0092E-03  2.5321E-02  2.4063E-01 -3.0092E-03  4.7939E-01  3.0000E-01
   1  21  4.8050E+02  1.8147E+02  1.0848E+03  -1.2937E+00 -6.4235E-01  1.1001E+00  5.5739E-02 -4.4601E-01 -2.7730E-01   1.2461E+00  2.5887E-02  1.3016E+00  4.0245E+00 -3.0990E+00 -7.9468E-01  0.5292E+00  -3.0990E+00  4.1042E+00  6.8183E-01 -4.0131E-01 -7.9468E-01  6.8183E-01  5.4225E-01 -1.1470E-01  5.2915E-01 -4.0131E-01 -1.1470E-01  4.4805E-01  1.5000E-01
   1  22  2.2708E+02  1.7028E+02  1.3382E+03  -8.0904E-01 -7.7977E-01  2.0860E+00  1.1053E-01 -2.7053E-01 -6.4292E-01   2.5860E+00  1.0576E-01  1.2495E+00  2.1846E+00  2.6441E+00 -1.0343E-01 -0.6985E-01   2.6441E+00  6.2914E+00 -2.3235E-03 -2.6699E-01 -1.0343E-01 -2.3235E-03  3.9666E-01 -8.0523E-03 -6.9853E-02 -2.6699E-01 -8.0523E-03  3.9582E-01  1.5000E-01
   1  23  2.2631E+02  1.5842E+02  4.9830E+02  -6.5859E-01 -8.9467E-01  1.6524E+00 -4.9223E-01 -1.6335E-01 -4.0794E-01   1.8488E+00 -1.7784E-01  1.2015E+00  2.4844E+00 -2.0311E+00 -3.6517E-01  0.4518E+00  -2.0311E+00  5.2975E+00  5.1379E-01 -6.7429E-01 -3.6517E-01  5.1379E-01  3.9798E-01 -9.0308E-02  4.5184E-01 -6.7429E-01 -9.0308E-02  4.4161E-01  1.5000E-01
   1  24  1.9560E+02  1.7132E+02  2.1165E+03  -2.2001E-01 -8.9453E-01  1.6428E+00 -1.0000E+00 -1.1103E-01 -6.4988E-01   1.7437E+00 -1.0000E+00  1.1570E+00  1.9174E+00  2.1733E+00  1.2383E-01  0.5557E-01   2.1733E+00  6.3465E+00  3.1783E-01 -1.5926E-01  1.2383E-01  3.1783E-01  3.7968E-01 -7.2155E-03  5.5568E-02 -1.5926E-01 -7.2155E-03  3.8375E-01  1.5000E-01
   1  25  1.7257E+02  1.5896E+02  3.9466E+03  -2.6135E-01 -6.7037E-01  1.5893E+00 -5.3842E-01 -5.2754E-02 -3.9284E-01   2.0181E+00 -4.2238E-01  1.1156E+00  2.1343E+00 -3.4607E+00 -3.0806E-01  0.3093E+00  -3.4607E+00  7.6813E+00  6.4166E-01 -6.4415E-01 -3.0806E-01  6.4166E-01  5.2999E-01 -5.7339E-02  3.0925E-01 -6.4415E-01 -5.7339E-02  5.3043E-01  2.0000E-01
   1  26  1.8392E+02  1.5828E+02  2.2987E+03  -5.0202E-01 -4.4878E-01  1.8261E+00 -1.9281E-01 -1.6800E-01 -3.9721E-01   2.0232E+00 -4.1917E-01  1.0772E+00  1.8029E+00  3.1559E+00  1.4738E-01 -0.4463E+00   3.1559E+00  7.9613E+00  3.4970E-01 -1.0590E+00  1.4738E-01  3.4970E-01  4.8920E-01 -4.9454E-02 -4.4630E-01 -1.0590E+00 -4.9454E-02  6.2263E-01  2.5000E-01
   1  27  6.8032E+02  1.7910E+02  1.8891E+03  -1.3622E+00 -2.8357E-01  1.8323E+00 -6.2543E-01 -2.2402E-01 -7.3338E-01   1.6268E+00 -5.4042E-01  1.0413E+00  1.7151E+00  3.0662E+00  1.3116E-01 -0.4461E+00   3.0662E+00  8.0411E+00  3.2373E-01 -1.1010E+00  1.3116E-01  3.2373E-01  4.8672E-01 -4.7097E-02 -4.4608E-01 -1.1010E+00 -4.7097E-02  6.3305E-01  5.0000E-02
   1  28  2.4841E+02  1.5779E+02  1.9112E+03  -7.5110E-01 -3.4869E-01  1.3239E+00 -3.1081E-01 -2.8374E-01 -4.1621E-01   9.6231E-01 -1.2081E-01  1.0077E+00  1.7644E+00  3.1162E+00  1.3908E-01 -0.4541E+00   3.1162E+00  7.9912E+00  3.3556E-01 -1.0955E+00  1.3908E-01  3.3556E-01  4.8785E-01 -4.8895E-02 -4.5407E-01 -1.0955E+00 -4.8895E-02  6.3250E-01  3.0000E-01
   1  29  2.3139E+02  1.7224E+02  1.9945E+03  -7.0079E-01 -3.7493E-01  1.3279E+00 -3.1406E-01 -1.0241E-01 -5.1130E-01   1.0367E+00 -4.4066E-01  9.7619E-01  2.1167E+00  3.3663E+00  3.5530E-01 -0.7800E+00   3.3663E+00  7.3667E+00  7.2762E-01 -1.5973E+00  3.5530E-01  7.2762E-01  5.4967E-01 -1.6859E-01 -7.7996E-01 -1.5973E+00 -1.6859E-01  8.4295E-01  3.0000E-01
   1  30  5.9382E+02  1.6568E+02  4.9000E+03   2.6076E-01 -9.3972E-01  1.7518E+00 -3.7662E-01 -2.0852E-01 -5.7277E-01   2.2070E+00 -4.6457E-01  9.4661E-01  2.7742E+00  3.8798E+00 -1.5602E-01 -0.5503E+00   3.8798E+00  7.0139E+00 -2.6303E-01 -9.2782E-01 -1.5602E-01 -2.6303E-01  4.8345E-01  3.7310E-02 -5.5034E-01 -9.2782E-01  3.7310E-02  6.0448E-01  1.5000E-01
   1  31  2.0283E+02  1.6253E+02  1.9005E+03  -5.9939E-01 -3.7437E-01  1.4009E+00 -1.7673E-01 -2.5868E-01 -5.2461E-01   1.9952E+00 -4.9128E-02  9.1876E-01  2.7765E+00  3.8829E+00 -1.4858E-01 -0.5401E+00   3.8829E+00  7.0175E+00 -2.5044E-01 -9.1041E-01 -1.4858E-01 -2.5044E-01  4.8245E-01  3.4837E-02 -5.4014E-01 -9.1041E-01  3.4837E-02  5.9951E-01  3.0000E-01
   1  32  1.8125E+02  1.7958E+02  1.8797E+03  -4.1021E-01 -6.6529E-01  1.4295E+00 -6.1026E-01 -2.8214E-01 -7.1524E-01   1.9386E+00 -7.8870E-01  8.9251E-01  2.7219E+00  3.8524E+00 -1.3635E-01 -0.5376E+00   3.8524E+00  7.0716E+00 -2.3356E-01 -9.2085E-01 -1.3635E-01 -2.3356E-01  4.8114E-01  3.2593E-02 -5.3760E-01 -9.2085E-01  3.2593E-02  6.0137E-01  3.0000E-01
   1  33  1.6460E+02  1.5823E+02  1.2170E+03  -3.8337E-01 -5.0162E-01  1.4440E+00 -1.8054E-01 -2.0529E-01 -4.2712E-01   1.3960E+00 -2.9251E-01  8.6772E-01  2.7686E+00  3.8784E+00 -1.4824E-01 -0.5399E+00   3.8784E+00  7.0251E+00 -2.5043E-01 -9.1219E-01 -1.4824E-01 -2.5043E-01  4.8244E-01  3.4865E-02 -5.3995E-01 -9.1219E-01  3.4865E-02  5.9986E-01  3.5000E-01
   1  34  2.3062E+02  1.6490E+02  1.3838E+03  -6.8922E-01 -5.0021E-01  1.3772E+00 -5.8656E-01 -3.4052E-01 -5.6145E-01   1.3777E+00 -2.3609E-01  8.4427E-01  2.6812E+00  3.8285E+00 -1.5281E-01 -0.5322E+00   3.8285E+00  7.1102E+00 -2.6491E-01 -9.2266E-01 -1.5281E-01 -2.6491E-01  4.8344E-01  3.6825E-02 -5.3221E-01 -9.2266E-01  3.6825E-02  6.0113E-01  2.5000E-01
   1  35  3.3104E+02  1.7907E+02  4.7447E+03   1.7313E-01 -1.0145E+00  1.6986E+00 -6.8573E-01 -3.4025E-01 -6.2924E-01   1.9779E+00 -7.0592E-01  8.2205E-01  2.6777E+00  3.8268E+00 -1.4055E-01 -0.5331E+00   3.8268E+00  7.1147E+00 -2.4394E-01 -9.2519E-01 -1.4055E-01 -2.4394E-01  4.8183E-01  3.3980E-02 -5.3306E-01 -9.2519E-01  3.3980E-02  6.0175E-01  2.5000E-01
   1  36  1.9464E+02  1.7893E+02  1.3326E+03  -3.5271E-01 -8.2579E-01  1.6380E+00 -1.0000E+00 -1.1533E-01 -7.1985E-01   1.4283E+00 -9.8754E-01  8.0097E-01  2.7079E+00  3.8448E+00 -1.4251E-01 -0.5316E+00   3.8448E+00  7.0868E+00 -2.4514E-01 -9.1447E-01 -1.4251E-01 -2.4514E-01  4.8196E-01  3.3894E-02 -5.3160E-01 -9.1447E-01  3.3894E-02  5.9931E-01  4.0000E-01
   1  37  1.7875E+02  1.7296E+02  5.0374E+02  -2.6884E-01 -7.0316E-01  1.5986E+00 -1.0000E+00 -2.6129E-01 -5.9816E-01   1.6431E+00 -1.0000E+00  7.8095E-01  2.7205E+00  3.8519E+00 -1.4556E-01 -0.5328E+00   3.8519E+00  7.0740E+00 -2.4945E-01 -9.1314E-01 -1.4556E-01 -2.4945E-01  4.8230E-01  3.4507E-02 -5.3284E-01 -9.1314E-01  3.4507E-02  5.9919E-01  5.5000E-01
   1  38  1.7619E+02  1.6889E+02  2.5556E+03  -8.4404E-02 -6.8587E-01  1.7177E+00 -1.0000E+00 -1.7414E-01 -6.2361E-01   1.2971E+00 -9.8642E-01  7.6190E-01  2.7150E+00  3.8489E+00 -1.4322E-01 -0.5322E+00   3.8489E+00  7.0798E+00 -2.4585E-01 -9.1357E-01 -1.4322E-01 -2.4585E-01  4.8202E-01  3.3994E-02 -5.3220E-01 -9.1357E-01  3.3994E-02  5.9919E-01  3.5000E-01
   1  39  1.6124E+02  1.5701E+02  1.1918E+03  -1.9383E-01 -4.8950E-01  1.5659E+00 -6.5209E-01 -8.2610E-02 -2.7663E-01   1.4268E+00 -6.0422E-01  7.4376E-01  2.7760E+00  3.8817E+00 -1.5268E-01 -0.5449E+00   3.8817E+00  7.0153E+00 -2.5734E-01 -9.1836E-01 -1.5268E-01 -2.5734E-01  4.8299E-01  3.6123E-02 -5.4488E-01 -9.1836E-01  3.6123E-02  6.0178E-01  2.0000E-01
   1  40  2.1834E+02  1.6332E+02  1.4099E+03  -5.2192E-01 -3.5449E-01  1.2702E+00 -7.3614E-01 -2.9876E-01 -5.0462E-01   9.6369E-01 -5.4905E-01  7.2646E-01  2.7556E+00  3.8704E+00 -1.4842E-01 -0.5444E+00   3.8704E+00  7.0352E+00 -2.5165E-01 -9.2298E-01 -1.4842E-01 -2.5165E-01  4.8252E-01  3.5394E-02 -5.4437E-01 -9.2298E-01  3.5394E-02  6.0269E-01  3.5000E-01
   1  41  1.7421E+02  1.5770E+02  1.1584E+03  -3.2972E-01 -4.5022E-01  1.4393E+00 -7.2533E-01 -1.3901E-01 -4.1579E-01   1.2486E+00 -6.2082E-01  7.0995E-01  2.7039E+00  3.8420E+00 -1.4068E-01 -0.5355E+00   3.8420E+00  7.0890E+00 -2.4226E-01 -9.2218E-01 -1.4068E-01 -2.4226E-01  4.8174E-01  3.3767E-02 -5.3551E-01 -9.2218E-01  3.3767E-02  6.0141E-01  3.0000E-01
   1  42  1.7889E+02  1.6061E+02  7.2838E+02  -3.5695E-01 -4.5384E-01  1.4131E+00 -7.6328E-01 -1.3870E-01 -4.9253E-01   1.8417E+00 -6.1876E-01  6.9418E-01  2.7910E+00  3.8900E+00 -1.4584E-01 -0.5480E+00   3.8900E+00  7.0006E+00 -2.4473E-01 -9.1955E-01 -1.4584E-01 -2.4473E-01  4.8205E-01  3.4475E-02 -5.4797E-01 -9.1955E-01  3.4475E-02  6.0241E-01  2.5000E-01
   1  43  1.7514E+02  1.5777E+02  6.3403E+02  -3.3714E-01 -4.5292E-01  1.4156E+00 -7.3293E-01 -1.7436E-01 -3.3117E-01   1.3209E+00 -5.1392E-01  6.7909E-01  2.8144E+00  3.9029E+00 -1.5772E-01 -0.5455E+00   3.9029E+00  6.9781E+00 -2.6289E-01 -9.0925E-01 -1.5772E-01 -2.6289E-01  4.8349E-01  3.6745E-02 -5.4551E-01 -9.0925E-01  3.6745E-02  5.9996E-01  4.5000E-01
   1  44  1.7862E+02  1.5990E+02  2.0097E+03  -2.9062E-02 -5.0210E-01  1.5233E+00 -4.2893E-01 -2.6317E-01 -4.7690E-01   1.3077E+00 -2.8302E-01  6.6464E-01  3.2761E+00  4.1029E+00 -1.2399E-01 -0.6915E+00   4.1029E+00  6.4781E+00 -1.8147E-01 -1.0121E+00 -1.2399E-01 -1.8147E-01  4.7835E-01  3.0584E-02 -6.9147E-01 -1.0121E+00  3.0584E-02  6.4344E-01  3.5000E-01
   1  45  1.6550E+02  1.6462E+02  5.7734E+02  -2.6833E-01 -4.5856E-01  1.4784E+00 -6.6027E-01 -1.5237E-01 -5.5068E-01   1.2391E+00 -6.6310E-01  6.5079E-01  3.0898E+00  4.0302E+00 -1.2485E-01 -0.6366E+00   4.0302E+00  6.6796E+00 -1.9227E-01 -9.8044E-01 -1.2485E-01 -1.9227E-01  4.7883E-01  3.0371E-02 -6.3663E-01 -9.8044E-01  3.0371E-02  6.2774E-01  4.5000E-01
   1  46  1.6519E+02  1.5867E+02  5.9707E+02  -2.6346E-01 -4.6844E-01  1.4692E+00 -6.7318E-01 -2.3766E-01 -3.8526E-01   1.3619E+00 -4.1259E-01  6.3751E-01  3.2110E+00  4.0800E+00 -1.2444E-01 -0.6644E+00   4.0800E+00  6.5524E+00 -1.8543E-01 -9.8998E-01 -1.2444E-01 -1.8543E-01  4.7853E-01  3.0195E-02 -6.6439E-01 -9.8998E-01  3.0195E-02  6.3408E-01  4.5000E-01
   1  47  1.6411E+02  1.5810E+02  8.5403E+02  -2.4802E-01 -4.8139E-01  1.4717E+00 -6.8129E-01 -1.3237E-01 -4.0959E-01   1.5482E+00 -4.3060E-01  6.2476E-01  2.9567E+00  3.9716E+00 -1.1429E-01 -0.6002E+00   3.9716E+00  6.8233E+00 -1.8275E-01 -9.5977E-01 -1.1429E-01 -1.8275E-01  4.7813E-01  2.7620E-02 -6.0024E-01 -9.5977E-01  2.7620E-02  6.1793E-01  4.0000E-01
   1  48  1.6571E+02  1.6823E+02  5.3271E+02  -2.5989E-01 -4.9020E-01  1.4633E+00 -7.1705E-01 -1.0948E-01 -5.9563E-01   1.7625E+00 -7.1246E-01  6.1251E-01  3.1140E+00  4.0458E+00 -1.3850E-01 -0.6049E+00   4.0458E+00  6.6705E+00 -2.1216E-01 -9.2666E-01 -1.3850E-01 -2.1216E-01  4.8013E-01  3.1723E-02 -6.0493E-01 -9.2666E-01  3.1723E-02  6.1142E-01  4.5000E-01
   1  49  1.6493E+02  1.5734E+02  1.0317E+03  -2.4945E-01 -4.9797E-01  1.4613E+00 -7.1727E-01 -1.2325E-01 -3.8920E-01   1.6693E+00 -6.1931E-01  6.0073E-01  3.4661E+00  4.1922E+00 -1.9276E-01 -0.5669E+00   4.1922E+00  6.3444E+00 -2.6998E-01 -7.9401E-01 -1.9276E-01 -2.6998E-01  4.8528E-01  3.6509E-02 -5.6691E-01 -7.9401E-01  3.6509E-02  5.8024E-01  4.5000E-01
   1  50  1.7345E+02  1.6443E+02  8.4512E+02  -1.8784E-01 -6.7996E-01  1.3735E+00 -9.9451E-01 -1.2555E-01 -5.6137E-01   1.4057E+00 -1.0000E+00  5.8940E-01  4.0030E+00  4.3357E+00 -2.4296E-01 -0.6303E+00   4.3357E+00  5.7981E+00 -2.9840E-01 -7.7409E-01 -2.4296E-01 -2.9840E-01  4.8959E-01  4.3377E-02 -6.3026E-01 -7.7409E-01  4.3377E-02  5.8540E-01  4.0000E-01
   1  51  1.6656E+02  1.6400E+02  3.4441E+02  -2.3777E-01 -5.5201E-01  1.4352E+00 -8.0898E-01 -2.0539E-01 -5.1125E-01   1.4053E+00 -8.6111E-01  5.7848E-01  3.6230E+00  4.2331E+00 -2.2795E-01 -0.6388E+00   4.2331E+00  6.1612E+00 -3.0631E-01 -8.5841E-01 -2.2795E-01 -3.0631E-01  4.8937E-01  4.6224E-02 -6.3880E-01 -8.5841E-01  4.6224E-02  6.0241E-01  3.5000E-01
   1  52  1.6655E+02  1.6324E+02  6.2016E+02  -2.3662E-01 -5.5300E-01  1.4378E+00 -8.1083E-01 -1.7401E-01 -5.0079E-01   1.7988E+00 -8.6805E-01  5.6796E-01  3.5872E+00  4.2211E+00 -2.3071E-01 -0.6409E+00   4.2211E+00  6.1941E+00 -3.1271E-01 -8.6862E-01 -2.3071E-01 -3.1271E-01  4.8996E-01  4.7477E-02 -6.4087E-01 -8.6862E-01  4.7477E-02  6.0475E-01  5.0000E-01
   1  53  1.6592E+02  1.7021E+02  3.4751E+02  -2.2749E-01 -5.4708E-01  1.4812E+00 -8.0750E-01 -1.4301E-01 -6.3979E-01   1.8370E+00 -8.1082E-01  5.5782E-01  4.1329E+00  3.8335E+00 -5.3617E-01 -0.7777E+00   3.8335E+00  4.8112E+00 -5.7562E-01 -7.6505E-01 -5.3617E-01 -5.7562E-01  5.0611E-01  1.1055E-01 -7.7772E-01 -7.6505E-01  1.1055E-01  5.9446E-01  5.0000E-01
   1  54  1.6623E+02  1.6074E+02  5.0483E+02  -2.3350E-01 -5.4578E-01  1.4720E+00 -8.0926E-01 -2.2573E-01 -4.6523E-01   1.2606E+00 -6.1676E-01  5.4803E-01  3.5125E+00  4.1182E+00 -4.7943E-01 -0.4348E+00   4.1182E+00  6.1286E+00 -6.5457E-01 -5.8373E-01 -4.7943E-01 -6.5457E-01  5.3979E-01  6.8129E-02 -4.3478E-01 -5.8373E-01  6.8129E-02  5.2605E-01  4.5000E-01
   1  55  1.6642E+02  1.6305E+02  4.9889E+02  -2.3833E-01 -5.4008E-01  1.4820E+00 -8.0952E-01 -9.0478E-02 -5.2336E-01   1.3336E+00 -8.5481E-01  5.3859E-01  3.6272E+00  4.2338E+00 -4.6421E-01 -0.4998E+00   4.2338E+00  6.1556E+00 -6.2308E-01 -6.7085E-01 -4.6421E-01 -6.2308E-01  5.4119E-01  7.3556E-02 -4.9980E-01 -6.7085E-01  7.3556E-02  5.5207E-01  4.0000E-01
   1  56  1.6597E+02  1.6461E+02  6.0104E+02  -2.2350E-01 -5.5216E-01  1.4943E+00 -8.1210E-01 -2.5325E-01 -5.4724E-01   1.4092E+00 -6.0053E-01  5.2946E-01  3.9669E+00  4.3082E+00 -3.0545E-01 -0.7279E+00   4.3082E+00  5.7850E+00 -3.7662E-01 -8.9754E-01 -3.0545E-01 -3.7662E-01  4.9957E-01  6.3634E-02 -7.2792E-01 -8.9754E-01  6.3634E-02  6.2452E-01  5.0000E-01
   1  57  1.7038E+02  1.6174E+02  5.8104E+02  -2.8676E-01 -4.9796E-01  1.5009E+00 -8.0828E-01 -2.3215E-01 -4.4347E-01   1.4538E+00 -6.1961E-01  5.2063E-01  4.1997E+00  4.3695E+00 -1.1836E-01 -0.6986E+00   4.3695E+00  5.5959E+00 -1.3877E-01 -8.1910E-01 -1.1836E-01 -1.3877E-01  4.7663E-01  2.2187E-02 -6.9862E-01 -8.1910E-01  2.2187E-02  6.0383E-01  3.5000E-01
   1  58  1.6680E+02  1.5908E+02  4.1854E+02  -2.4410E-01 -5.3613E-01  1.4955E+00 -8.1099E-01 -1.5097E-01 -4.3349E-01   1.4798E+00 -7.4502E-01  5.1210E-01  4.1260E+00  4.2843E+00 -1.3892E-01 -0.4523E+00   4.2843E+00  5.4807E+00 -1.7376E-01 -5.5185E-01 -1.3892E-01 -1.7376E-01  4.7536E-01  3.7124E-02 -4.5232E-01 -5.5185E-01  3.7124E-02  5.5676E-01  4.0000E-01
   1  59  1.8855E+02  1.6189E+02  1.3673E+03  -4.3721E-02 -7.1256E-01  1.4468E+00 -8.1984E-01 -6.0739E-02 -4.8585E-01   1.5548E+00 -7.7774E-01  5.0384E-01  3.8507E+00  4.2317E+00 -4.8537E-01 -0.8918E+00   4.2317E+00  5.7744E+00 -6.0806E-01 -1.1173E+00 -4.8537E-01 -6.0806E-01  5.4261E-01  1.2815E-01 -8.9183E-01 -1.1173E+00  1.2815E-01  7.0834E-01  4.0000E-01
   1  60  1.6622E+02  1.6254E+02  3.3623E+02  -2.3167E-01 -5.4595E-01  1.4933E+00 -8.1104E-01 -1.6551E-01 -5.2931E-01   1.5997E+00 -6.9340E-01  4.9584E-01  3.9097E+00  4.3107E+00 -3.7061E-01 -0.5893E+00   4.3107E+00  5.8796E+00 -4.6484E-01 -7.3910E-01 -3.7061E-01 -4.6484E-01  5.1284E-01  6.3544E-02 -5.8927E-01 -7.3910E-01  6.3544E-02  5.7391E-01  4.5000E-01
   1  61  1.6619E+02  1.6253E+02  4.9580E+02  -2.3025E-01 -5.4717E-01  1.4946E+00 -8.1203E-01 -2.2054E-01 -3.6559E-01   1.4999E+00 -6.0440E-01  4.8809E-01  3.9660E+00  4.3063E+00 -3.5066E-01 -0.7175E+00   4.3063E+00  5.7817E+00 -4.3230E-01 -8.8457E-01 -3.5066E-01 -4.3230E-01  5.0807E-01  7.2031E-02 -7.1754E-01 -8.8457E-01  7.2031E-02  6.2026E-01  4.0000E-01
   1  62  1.6638E+02  1.6015E+02  2.4906E+02  -2.3335E-01 -5.4450E-01  1.5030E+00 -8.1594E-01 -1.2637E-01 -4.8255E-01   1.5931E+00 -7.0845E-01  4.8058E-01  5.1695E+00  2.8940E+00 -3.4713E-01 -0.7651E+00   2.8940E+00  3.0223E+00 -2.8367E-01 -4.6195E-01 -3.4713E-01 -2.8367E-01  3.9761E-01  5.5374E-02 -7.6512E-01 -4.6195E-01  5.5374E-02  4.8832E-01  6.0000E-01
   1  63  1.6635E+02  1.6734E+02  2.5533E+02  -2.3266E-01 -5.4522E-01  1.5023E+00 -8.1562E-01 -2.7881E-01 -4.4399E-01   1.2682E+00 -7.3833E-01  4.7330E-01  2.8556E+00  3.6674E+00 -3.6284E-01 -0.4699E+00   3.6674E+00  6.4449E+00 -5.6813E-01 -7.0830E-01 -3.6284E-01 -5.6813E-01  4.9898E-01  7.0448E-02 -4.6985E-01 -7.0830E-01  7.0448E-02  5.3538E-01  7.0000E-01
   1  64  1.6628E+02  1.6651E+02  2.8051E+02  -2.3170E-01 -5.4561E-01  1.5009E+00 -8.1465E-01 -7.8396E-02 -5.4724E-01   1.7147E+00 -6.7282E-01  4.6624E-01  2.9768E+00  4.0211E+00 -1.9037E-01 -0.1470E+00   4.0211E+00  6.9304E+00 -3.0572E-01 -2.3612E-01 -1.9037E-01 -3.0572E-01  4.8734E-01  1.1179E-02 -1.4703E-01 -2.3612E-01  1.1179E-02  4.8150E-01  6.5000E-01
   1  65  1.6554E+02  1.6386E+02  3.0545E+02  -2.1169E-01 -5.5621E-01  1.5022E+00 -8.0997E-01 -1.6954E-01 -5.2069E-01   1.7706E+00 -9.2347E-01  4.5938E-01  2.5072E+00  3.6308E+00 -1.8990E-01 -0.1424E+00   3.6308E+00  6.9712E+00 -3.0262E-01 -1.7698E-01 -1.8990E-01 -3.0262E-01  4.7851E-01  3.5603E-02 -1.4238E-01 -1.7698E-01  3.5603E-02  5.1206E-01  6.0000E-01
   1  66  1.6548E+02  1.6028E+02  3.5061E+02  -2.0898E-01 -5.5757E-01  1.5029E+00 -8.1019E-01 -1.6388E-01 -4.4144E-01   1.5528E+00 -7.8321E-01  4.5272E-01  2.4186E+00  3.1435E+00 -3.1671E-01 -0.4083E+00   3.1435E+00  5.6703E+00 -3.4276E-01 -2.8672E-01 -3.1671E-01 -3.4276E-01  4.8051E-01  1.7875E-01 -4.0826E-01 -2.8672E-01  1.7875E-01  7.3500E-01  4.0000E-01
   1  67  1.6555E+02  1.5965E+02  3.1277E+02  -2.1188E-01 -5.5597E-01  1.5033E+00 -8.1129E-01 -1.6633E-01 -4.3619E-01   1.6729E+00 -6.7631E-01  4.4626E-01  4.4691E+00  4.4122E+00 -3.6046E-01 -0.2556E+00   4.4122E+00  5.3603E+00 -3.9540E-01 -2.7705E-01 -3.6046E-01 -3.9540E-01  5.0260E-01  2.3544E-02 -2.5564E-01 -2.7705E-01  2.3544E-02  4.8732E-01  4.0000E-01
   1  68  1.6573E+02  1.6639E+02  2.9096E+02  -2.1727E-01 -5.5250E-01  1.5061E+00 -8.1586E-01 -2.0751E-01 -5.8847E-01   1.3546E+00 -7.4383E-01  4.3997E-01  4.3883E+00  4.1286E+00 -5.9462E-01 -0.8299E+00   4.1286E+00  4.9147E+00 -6.0760E-01 -8.2972E-01 -5.9462E-01 -6.0760E-01  5.4383E-01  1.3032E-01 -8.2986E-01 -8.2972E-01  1.3032E-01  6.3954E-01  5.5000E-01
   1  69  1.6779E+02  1.6674E+02  2.7332E+02  -2.4851E-01 -5.3133E-01  1.5395E+00 -8.4856E-01 -1.1184E-01 -5.7740E-01   1.3988E+00 -8.0105E-01  4.3386E-01  3.8643E+00  3.8813E+00 -5.3391E-01 -0.6209E+00   3.8813E+00  5.1429E+00 -5.6733E-01 -6.0625E-01 -5.3391E-01 -5.6733E-01  5.1738E-01  1.0714E-01 -6.2088E-01 -6.0625E-01  1.0714E-01  5.7064E-01  6.0000E-01
   1  70  1.6644E+02  1.6976E+02  2.5130E+02  -2.3100E-01 -5.4295E-01  1.5225E+00 -8.3112E-01 -1.4490E-01 -6.2662E-01   1.6290E+00 -7.2842E-01  4.2792E-01  4.2166E+00  3.8828E+00 -6.9902E-01 -0.8281E+00   3.8828E+00  4.7007E+00 -6.8763E-01 -7.6741E-01 -6.9902E-01 -6.8763E-01  5.6375E-01  1.6139E-01 -8.2807E-01 -7.6741E-01  1.6139E-01  6.3634E-01  7.5000E-01
   1  71  1.6587E+02  1.6370E+02  3.2675E+02  -2.1971E-01 -5.5124E-01  1.5121E+00 -8.2051E-01 -2.3036E-01 -4.6132E-01   1.6897E+00 -6.6973E-01  4.2213E-01  3.7871E+00  4.2884E+00 -4.7783E-01 -0.4172E+00   4.2884E+00  6.0218E+00 -6.1829E-01 -5.3982E-01 -4.7783E-01 -6.1829E-01  5.4176E-01  6.0149E-02 -4.1719E-01 -5.3982E-01  6.0149E-02  5.2539E-01  4.0000E-01
   1  72  1.6601E+02  1.6057E+02  2.5009E+02  -2.2253E-01 -5.4914E-01  1.5167E+00 -8.2387E-01 -1.6546E-01 -4.7679E-01   1.5073E+00 -7.5384E-01  4.1651E-01  4.8951E+00  4.1479E+00 -7.7720E-01 -0.9868E+00   4.1479E+00  4.4083E+00 -7.0810E-01 -8.9444E-01 -7.7720E-01 -7.0810E-01  5.9834E-01  1.7982E-01 -9.8681E-01 -8.9444E-01  1.7982E-01  6.8770E-01  6.5000E-01
   1  73  1.6634E+02  1.6086E+02  2.6885E+02  -2.2918E-01 -5.4455E-01  1.5171E+00 -8.3025E-01 -1.4741E-01 -4.6431E-01   1.5892E+00 -8.9846E-01  4.1103E-01  3.7502E+00  4.0465E+00 -2.3554E-01 -0.2059E+00   4.0465E+00  5.6600E+00 -2.6842E-01 -1.8835E-01 -2.3554E-01 -2.6842E-01  4.6263E-01  1.9493E-02 -2.0592E-01 -1.8835E-01  1.9493E-02  4.7262E-01  6.0000E-01
   1  74  1.6781E+02  1.6358E+02  2.7800E+02  -2.5057E-01 -5.2991E-01  1.5145E+00 -8.4753E-01 -2.1390E-01 -4.4717E-01   1.4759E+00 -8.0024E-01  4.0569E-01  4.6281E+00  4.0359E+00 -2.3043E-01 -0.5583E+00   4.0359E+00  4.5893E+00 -2.1807E-01 -4.6506E-01 -2.3043E-01 -2.1807E-01  4.4877E-01  3.1708E-02 -5.5826E-01 -4.6506E-01  3.1708E-02  5.2998E-01  7.5000E-01
   1  75  1.6656E+02  1.6168E+02  2.5040E+02  -2.3298E-01 -5.4160E-01  1.5213E+00 -8.3340E-01 -1.8744E-01 -4.5192E-01   1.6247E+00 -7.5942E-01  4.0049E-01  3.3322E+00  3.6973E+00 -1.6930E-01 -0.1619E+00   3.6973E+00  5.6901E+00 -2.1627E-01 -6.0107E-02 -1.6930E-01 -2.1627E-01  4.3004E-01  9.0827E-03 -1.6189E-01 -6.0107E-02  9.0827E-03  4.6596E-01  6.0000E-01
   1  76  1.6575E+02  1.6194E+02  2.4169E+02  -2.1561E-01 -5.5197E-01  1.5374E+00 -8.1962E-01 -8.1167E-02 -5.0788E-01   1.6709E+00 -8.1276E-01  3.9542E-01  5.2924E+00  3.8171E+00 -2.5079E-01 -0.8846E+00   3.8171E+00  3.7148E+00 -1.9103E-01 -6.2355E-01 -2.5079E-01 -1.9103E-01  4.4108E-01  4.7000E-02 -8.8457E-01 -6.2355E-01  4.7000E-02  6.0598E-01  7.0000E-01
   1  77  1.6546E+02  1.6590E+02  2.6163E+02  -2.0582E-01 -5.5701E-01  1.5554E+00 -8.1207E-01 -1.5541E-01 -5.8377E-01   1.3311E+00 -9.0502E-01  3.9047E-01  3.3774E+00  4.1994E+00 -1.4375E-01 -0.6410E-01   4.1994E+00  6.5444E+00 -2.0783E-01 -9.2675E-02 -1.4375E-01 -2.0783E-01  4.7999E-01  3.1724E-03 -6.4099E-02 -9.2675E-02  3.1724E-03  4.7429E-01  5.5000E-01
   1  78  1.6545E+02  1.6032E+02  2.8487E+02  -2.0545E-01 -5.5720E-01  1.5565E+00 -8.1165E-01 -1.7755E-01 -4.5382E-01   1.6889E+00 -6.6737E-01  3.8565E-01  5.7004E+00  4.3374E+00 -2.2812E-01 -0.8805E+00   4.3374E+00  4.0716E+00 -1.8927E-01 -7.3055E-01 -2.2812E-01 -1.8927E-01  4.8283E-01  3.8422E-02 -8.8048E-01 -7.3055E-01  3.8422E-02  6.2117E-01  6.5000E-01
   1  79  1.6545E+02  1.6319E+02  2.4471E+02  -2.0648E-01 -5.5602E-01  1.5569E+00 -8.1179E-01 -2.0968E-01 -4.0100E-01   1.6767E+00 -6.8670E-01  3.8095E-01  5.6263E+00  4.2924E+00 -2.8105E-01 -0.9196E+00   4.2924E+00  4.0435E+00 -2.3349E-01 -7.6008E-01 -2.8105E-01 -2.3349E-01  4.8432E-01  5.1256E-02 -9.1959E-01 -7.6008E-01  5.1256E-02  6.4698E-01  5.0000E-01
   1  80  2.6670E+02  1.6248E+02  1.0921E+03  -5.0908E-01 -2.0100E-01  1.6076E+00 -9.0146E-01 -1.7507E-01 -4.9745E-01   1.6359E+00 -8.3906E-01  3.7636E-01  5.3091E+00  4.3116E+00 -1.1963E+00 -0.2026E+00   4.3116E+00  4.3167E+00 -1.0665E+00 -1.8059E-01 -1.1963E+00 -1.0665E+00  7.6878E-01  5.0107E-02 -2.0257E-01 -1.8059E-01  5.0107E-02  4.8136E-01  2.5000E-01
   1  81  1.6469E+02  1.6316E+02  2.4289E+02  -2.0481E-01 -5.3378E-01  1.6010E+00 -8.1473E-01 -5.4167E-02 -5.1080E-01   1.7460E+00 -8.0725E-01  3.7188E-01  5.4358E+00  4.2859E+00 -1.2049E+00 -0.3716E+00   4.2859E+00  4.1741E+00 -1.0405E+00 -3.2090E-01 -1.2049E+00 -1.0405E+00  7.6539E-01  9.0213E-02 -3.7159E-01 -3.2090E-01  9.0213E-02  5.0069E-01  7.5000E-01
   1  82  1.6498E+02  1.6242E+02  2.4282E+02  -2.1529E-01 -5.1991E-01  1.6053E+00 -8.1817E-01 -2.0612E-01 -4.7033E-01   1.7302E+00 -6.8295E-01  3.6751E-01  5.4451E+00  4.2828E+00 -1.2081E+00 -0.3849E+00   4.2828E+00  4.1618E+00 -1.0406E+00 -3.3156E-01 -1.2081E+00 -1.0406E+00  7.6642E-01  9.3530E-02 -3.8494E-01 -3.3156E-01  9.3530E-02  5.0267E-01  7.5000E-01
   1  83  1.6659E+02  1.5948E+02  2.6273E+02  -2.3312E-01 -4.8160E-01  1.6698E+00 -8.3685E-01 -1.4630E-01 -4.4593E-01   1.8032E+00 -6.9243E-01  3.6323E-01  5.7433E+00  4.2186E+00 -9.4603E-01 -0.9399E+00   4.2186E+00  3.8496E+00 -7.5723E-01 -7.5235E-01 -9.4603E-01 -7.5723E-01  6.4268E-01  1.6872E-01 -9.3994E-01 -7.5235E-01  1.6872E-01  6.4050E-01  8.0000E-01
   1  84  1.6455E+02  1.6074E+02  2.4658E+02  -9.5723E-02 -5.5800E-01  1.8835E+00 -8.3495E-01 -1.6096E-01 -4.7654E-01   1.8772E+00 -6.7745E-01  3.5906E-01  5.5486E+00  4.3333E+00 -8.5328E-01 -0.5782E+00   4.3333E+00  4.1724E+00 -7.2848E-01 -4.9364E-01 -8.5328E-01 -7.2848E-01  6.1632E-01  9.7203E-02 -5.7821E-01 -4.9364E-01  9.7203E-02  5.3874E-01  6.0000E-01
   1  85  1.6294E+02  1.5846E+02  2.4141E+02  -1.5222E-01 -5.2789E-01  1.7916E+00 -8.3489E-01 -1.1462E-01 -4.1347E-01   1.9491E+00 -7.0856E-01  3.5498E-01  5.7852E+00  4.2145E+00 -9.4167E-01 -0.9270E+00   4.2145E+00  3.8164E+00 -7.4707E-01 -7.3546E-01 -9.4167E-01 -7.4707E-01  6.3979E-01  1.6433E-01 -9.2703E-01 -7.3546E-01  1.6433E-01  6.3464E-01  6.5000E-01
   1  86  1.7321E+02  1.6158E+02  2.7734E+02  -2.9545E-01 -4.5547E-01  1.5463E+00 -8.3066E-01 -1.9436E-01 -4.4841E-01   1.6016E+00 -7.2658E-01  3.5099E-01  5.6212E+00  4.2832E+00 -8.8879E-01 -0.7839E+00   4.2832E+00  4.0363E+00 -7.3944E-01 -6.5214E-01 -8.8879E-01 -7.3944E-01  6.2631E-01  1.3532E-01 -7.8386E-01 -6.5214E-01  1.3532E-01  5.9222E-01  6.5000E-01
   1  87  1.6391E+02  1.6040E+02  2.6879E+02  -1.9273E-01 -5.1127E-01  1.7098E+00 -8.3098E-01 -1.2853E-01 -4.5001E-01   1.8662E+00 -8.9113E-01  3.4709E-01  5.6946E+00  4.2593E+00 -9.0823E-01 -0.8259E+00   4.2593E+00  3.9471E+00 -7.4082E-01 -6.7368E-01 -9.0823E-01 -7.4082E-01  6.3084E-01  1.4365E-01 -8.2591E-01 -6.7368E-01  1.4365E-01  6.0350E-01  7.0000E-01
   1  88  1.6889E+02  1.5893E+02  3.0004E+02  -5.0111E-02 -5.8557E-01  1.9492E+00 -8.3399E-01 -3.3566E-02 -4.4471E-01   1.9898E+00 -8.5893E-01  3.4327E-01  5.7584E+00  4.2374E+00 -9.3213E-01 -0.8523E+00   4.2374E+00  3.8701E+00 -7.4729E-01 -6.8331E-01 -9.3213E-01 -7.4729E-01  6.3726E-01  1.5031E-01 -8.5231E-01 -6.8331E-01  1.5031E-01  6.1031E-01  6.5000E-01
   1  89  1.6325E+02  1.6211E+02  2.7903E+02  -1.2364E-01 -5.4208E-01  1.8412E+00 -8.3532E-01 -1.3071E-01 -5.1657E-01   1.7386E+00 -9.0041E-01  3.3954E-01  5.6549E+00  4.2755E+00 -9.0176E-01 -0.7819E+00   4.2755E+00  4.0005E+00 -7.4401E-01 -6.4510E-01 -9.0176E-01 -7.4401E-01  6.2979E-01  1.3606E-01 -7.8188E-01 -6.4510E-01  1.3606E-01  5.9084E-01  7.5000E-01
   1  90  1.6342E+02  1.5772E+02  2.6073E+02  -1.1509E-01 -5.4485E-01  1.8578E+00 -8.3489E-01 -6.7195E-02 -4.1483E-01   2.0226E+00 -7.6204E-01  3.3589E-01  5.6833E+00  4.2647E+00 -9.0951E-01 -0.8061E+00   4.2647E+00  3.9635E+00 -7.4443E-01 -6.5978E-01 -9.0951E-01 -7.4443E-01  6.3163E-01  1.4071E-01 -8.0608E-01 -6.5978E-01  1.4071E-01  5.9758E-01  7.5000E-01
   1  91  1.6358E+02  1.5758E+02  2.7135E+02  -8.9103E-02 -5.4325E-01  1.9348E+00 -8.3636E-01 -9.3117E-02 -3.8172E-01   1.9353E+00 -7.1026E-01  3.3232E-01  6.9755E+00  3.7918E+00 -1.1772E+00 -0.6131E+00   3.7918E+00  2.6839E+00 -6.8643E-01 -3.5751E-01 -1.1772E+00 -6.8643E-01  6.8597E-01  1.1099E-01 -6.1309E-01 -3.5751E-01  1.1099E-01  5.3068E-01  6.5000E-01
   1  92  1.6309E+02  1.5769E+02  2.3086E+02  -1.0140E-01 -5.3822E-01  1.9087E+00 -8.3511E-01 -3.3276E-02 -4.1151E-01   2.0657E+00 -7.7953E-01  3.2882E-01  5.9922E+00  4.1587E+00 -1.0145E+00 -0.8952E+00   4.1587E+00  3.6064E+00 -7.6443E-01 -6.7452E-01 -1.0145E+00 -7.6443E-01  6.5935E-01  1.6455E-01 -8.9520E-01 -6.7452E-01  1.6455E-01  6.1807E-01  6.5000E-01
   1  93  1.6257E+02  1.5995E+02  2.1795E+02  -1.0280E-01 -5.3001E-01  1.9183E+00 -8.3510E-01 -1.2854E-01 -4.1851E-01   2.0531E+00 -7.6846E-01  3.2540E-01  6.7283E+00  3.9283E+00 -1.0962E+00 -0.6620E+00   3.9283E+00  2.9398E+00 -6.8839E-01 -4.1574E-01 -1.0962E+00 -6.8839E-01  6.6496E-01  1.1601E-01 -6.6203E-01 -4.1574E-01  1.1601E-01  5.4293E-01  7.5000E-01
   1  94  1.6108E+02  1.6012E+02  2.2072E+02  -1.3565E-01 -4.8396E-01  1.9035E+00 -8.3441E-01 -1.3365E-01 -3.9720E-01   1.8753E+00 -8.0573E-01  3.2204E-01  6.8232E+00  3.9019E+00 -9.7140E-01 -0.7483E+00   3.9019E+00  2.8703E+00 -5.9686E-01 -4.5979E-01 -9.7140E-01 -5.9686E-01  6.2146E-01  1.1447E-01 -7.4832E-01 -4.5979E-01  1.1447E-01  5.6105E-01  8.0000E-01
   1  95  1.6428E+02  1.5985E+02  2.1663E+02  -1.8234E-01 -4.0906E-01  1.8990E+00 -8.3215E-01 -9.4064E-02 -4.7515E-01   1.8498E+00 -7.4653E-01  3.1875E-01  6.8557E+00  3.9205E+00 -9.4700E-01 -0.5823E+00   3.9205E+00  2.8810E+00 -5.8168E-01 -3.5765E-01 -9.4700E-01 -5.8168E-01  6.1338E-01  8.6391E-02 -5.8228E-01 -3.5765E-01  8.6391E-02  5.2599E-01  7.5000E-01
   1  96  1.6153E+02  1.5904E+02  2.4299E+02  -1.5490E-01 -4.5285E-01  1.9019E+00 -8.3330E-01 -1.1483E-01 -4.3827E-01   1.8312E+00 -8.0139E-01  3.1554E-01  6.8435E+00  3.9122E+00 -9.5357E-01 -0.6618E+00   3.9122E+00  2.8753E+00 -5.8559E-01 -4.0641E-01 -9.5357E-01 -5.8559E-01  6.1561E-01  9.9060E-02 -6.6179E-01 -4.0641E-01  9.9060E-02  5.4162E-01  8.5000E-01
   1  97  1.8001E+02  1.5901E+02  2.6786E+02  -1.8391E-02 -6.5665E-01  1.9469E+00 -8.4126E-01 -9.4983E-02 -3.6260E-01   2.0481E+00 -8.0193E-01  3.1238E-01  6.8223E+00  3.9148E+00 -9.4718E-01 -0.7132E+00   3.9148E+00  2.8866E+00 -5.8399E-01 -4.3973E-01 -9.4718E-01 -5.8399E-01  6.1417E-01  1.0639E-01 -7.1319E-01 -4.3973E-01  1.0639E-01  5.5298E-01  6.5000E-01
   1  98  1.6104E+02  1.6108E+02  2.2946E+02  -1.3175E-01 -4.8665E-01  1.9111E+00 -8.3492E-01 -2.0587E-02 -4.7672E-01   2.0737E+00 -8.5087E-01  3.0929E-01  6.8499E+00  3.9134E+00 -9.5092E-01 -0.6395E+00   3.9134E+00  2.8744E+00 -5.8356E-01 -3.9246E-01 -9.5092E-01 -5.8356E-01  6.1467E-01  9.5363E-02 -6.3952E-01 -3.9246E-01  9.5363E-02  5.3701E-01  8.5000E-01
   1  99  1.6264E+02  1.5741E+02  2.8638E+02  -1.6838E-01 -4.2858E-01  1.9056E+00 -8.3322E-01 -8.6859E-02 -3.8399E-01   1.8895E+00 -7.3137E-01  3.0625E-01  6.8196E+00  3.9194E+00 -9.3689E-01 -0.7087E+00   3.9194E+00  2.8933E+00 -5.7858E-01 -4.3765E-01 -9.3689E-01 -5.7858E-01  6.1117E-01  1.0462E-01 -7.0869E-01 -4.3765E-01  1.0462E-01  5.5200E-01  7.5000E-01
   1 100  1.6109E+02  1.5969E+02  2.2813E+02  -1.4346E-01 -4.6831E-01  1.9084E+00 -8.3456E-01 -1.0642E-01 -4.5279E-01   1.9493E+00 -8.9075E-01  3.0328E-01  6.8895E+00  3.9017E+00 -9.4863E-01 -0.5951E+00   3.9017E+00  2.8454E+00 -5.7683E-01 -3.6186E-01 -9.4863E-01 -5.7683E-01  6.1312E-01  8.7979E-02 -5.9509E-01 -3.6186E-01  8.7979E-02  5.2806E-01  7.0000E-01
